x = 0.6
s = 5.6
g = -1.0194741898433244
r = -2.119135374422304
